{
  "29": [
    {
      "cam_R_m2c": [
        2.2504150666599192e-05,
        0.848955673195198,
        0.5284640616111882,
        0.8903786244902132,
        -0.24058480180323238,
        0.3864516245635118,
        0.4552207206050243,
        0.4705244075365143,
        -0.7558973987112687
      ],
      "cam_t_m2c": [
        1.6665875765056175,
        10.41725823100307,
        380.6754276273757
      ],
      "obj_id": 0
    }
  ],
  "49": [
    {
      "cam_R_m2c": [
        6.35246998779814e-05,
        0.8482307136424994,
        0.5296268992124472,
        0.8894626721299865,
        -0.24209156495969003,
        0.3876181484378779,
        0.4570078235388044,
        0.47105873371109985,
        -0.7544849359351281
      ],
      "cam_t_m2c": [
        -0.5395799949253308,
        9.035929535078239,
        383.8735181083114
      ],
      "obj_id": 0
    }
  ],
  "132": [
    {
      "cam_R_m2c": [
        -0.016627262765445457,
        0.8557970020134301,
        0.5170445101250578,
        0.886850295094808,
        -0.22619227955144075,
        0.40290644906255735,
        0.46175760756793144,
        0.46524030781172543,
        -0.7552028653111523
      ],
      "cam_t_m2c": [
        2.161969624366052,
        -0.68003941948186,
        477.14791879560545
      ],
      "obj_id": 0
    }
  ],
  "135": [
    {
      "cam_R_m2c": [
        -0.019707637008309745,
        0.856985528189789,
        0.514963506949539,
        0.886018606129863,
        -0.22366964352690671,
        0.40613165364288184,
        0.4632306537340999,
        0.4642711438743693,
        -0.7548971230176764
      ],
      "cam_t_m2c": [
        2.5368568755520897,
        -1.5874294529114992,
        480.6202808947977
      ],
      "obj_id": 0
    }
  ],
  "208": [
    {
      "cam_R_m2c": [
        -0.005929831713794847,
        0.8393947944112072,
        0.5434898491981359,
        0.8868466811629665,
        -0.24670073169631335,
        0.390693886600088,
        0.4620257580803872,
        0.4843089180393767,
        -0.7429515937884107
      ],
      "cam_t_m2c": [
        -16.325383848021264,
        -8.982945703887507,
        618.1021730545709
      ],
      "obj_id": 0
    }
  ],
  "254": [
    {
      "cam_R_m2c": [
        -0.0292388015627216,
        0.8453551137622398,
        0.5334039970705149,
        0.8684562630477819,
        -0.24272487381519067,
        0.4322827254703504,
        0.4949028304424373,
        0.47587747085151094,
        -0.727056958628386
      ],
      "cam_t_m2c": [
        -34.76957712276051,
        -25.877068068660375,
        709.1219751691075
      ],
      "obj_id": 0
    }
  ],
  "278": [
    {
      "cam_R_m2c": [
        -0.041114851063891636,
        0.8400220430183302,
        0.5409921776111742,
        0.863546853384001,
        -0.2424823460926586,
        0.44214154269819594,
        0.5025896944389763,
        0.485350676391114,
        -0.7154287664784061
      ],
      "cam_t_m2c": [
        -48.29836227243202,
        -39.15919437184556,
        749.9686270339362
      ],
      "obj_id": 0
    }
  ],
  "337": [
    {
      "cam_R_m2c": [
        -0.0490723253048243,
        0.8431352359504157,
        0.535457636755532,
        0.848687186426937,
        -0.24746112681045052,
        0.46743240179540135,
        0.526613678523057,
        0.47737403009918733,
        -0.7034145782629171
      ],
      "cam_t_m2c": [
        -54.64231043433589,
        -68.01776777076591,
        788.0559109075581
      ],
      "obj_id": 0
    }
  ],
  "382": [
    {
      "cam_R_m2c": [
        -0.049084724247537556,
        0.8666242716746294,
        0.49654109755894427,
        0.8358313487190324,
        -0.2365177394514848,
        0.49542437905120423,
        0.5467875695987835,
        0.4393423843265952,
        -0.7127423258075264
      ],
      "cam_t_m2c": [
        -42.47502336085428,
        -68.85015728786026,
        736.0860963167908
      ],
      "obj_id": 0
    }
  ],
  "410": [
    {
      "cam_R_m2c": [
        -0.04887070464363055,
        0.905198511916691,
        0.4221697623376182,
        0.8402010902349765,
        -0.19128882036298386,
        0.5074157221690497,
        0.5400683124561839,
        0.37950525849393324,
        -0.7512003571513362
      ],
      "cam_t_m2c": [
        -31.884092775795708,
        -50.790635369426155,
        699.6570177627091
      ],
      "obj_id": 0
    }
  ],
  "454": [
    {
      "cam_R_m2c": [
        -0.06330938612446192,
        0.9274751753948011,
        0.3684857129382259,
        0.8278430854727844,
        -0.15740671165607692,
        0.5384226526538397,
        0.5573757685683179,
        0.3391355571870995,
        -0.7578385886126706
      ],
      "cam_t_m2c": [
        -38.558909839780696,
        -55.97902895497395,
        632.8223155302677
      ],
      "obj_id": 0
    }
  ],
  "515": [
    {
      "cam_R_m2c": [
        -0.024104841936137728,
        0.9844339057411201,
        0.17409434745544558,
        0.8234748176348063,
        -0.07918899610234452,
        0.5617991879169417,
        0.5668405254039575,
        0.15690439165360218,
        -0.8087476927699772
      ],
      "cam_t_m2c": [
        -17.851054737971907,
        -55.92060278767168,
        545.2883308966296
      ],
      "obj_id": 0
    }
  ],
  "551": [
    {
      "cam_R_m2c": [
        -0.02153011282671433,
        0.9801230591825294,
        0.19721876962613324,
        0.8172897189498138,
        -0.09636150858268139,
        0.5681126427829504,
        0.5758245995650777,
        0.173416402104733,
        -0.7989698254240647
      ],
      "cam_t_m2c": [
        -33.18391302985837,
        -62.85310850147191,
        518.4608663592237
      ],
      "obj_id": 0
    }
  ],
  "621": [
    {
      "cam_R_m2c": [
        -0.0017551101081284969,
        0.9937831690989928,
        0.11131905676376949,
        0.8207323807381474,
        -0.06216637717718644,
        0.5679205056012304,
        0.5713101423220839,
        0.09235991750119162,
        -0.8155209174752676
      ],
      "cam_t_m2c": [
        -20.662891305056398,
        -52.63433710036492,
        412.9169245940559
      ],
      "obj_id": 0
    }
  ],
  "651": [
    {
      "cam_R_m2c": [
        -0.006640750487879577,
        0.99522970232591,
        0.09733313945638189,
        0.8296559010037992,
        -0.04885372236026129,
        0.5561334369253883,
        0.5582356010558718,
        0.08444615690739006,
        -0.8253737700084454
      ],
      "cam_t_m2c": [
        -13.907304529518616,
        -37.904626525193954,
        382.2056212924096
      ],
      "obj_id": 0
    }
  ],
  "715": [
    {
      "cam_R_m2c": [
        -0.003822772707074152,
        0.9958011179242139,
        0.09146321634934275,
        0.862296613565434,
        -0.043034083237410106,
        0.5045717172402122,
        0.5063891157658238,
        0.08079728471552974,
        -0.858511422251988
      ],
      "cam_t_m2c": [
        -20.22720635609985,
        -13.014468777699165,
        328.2564245266075
      ],
      "obj_id": 0
    }
  ],
  "727": [
    {
      "cam_R_m2c": [
        -0.0018630619745644283,
        0.9961957969902154,
        0.08712326356604337,
        0.8581494578610367,
        -0.04313623080728016,
        0.511584571199889,
        0.5133965688398843,
        0.07571789515941096,
        -0.8548045176393615
      ],
      "cam_t_m2c": [
        -18.152862522576488,
        -17.508994055116528,
        322.4256441206681
      ],
      "obj_id": 0
    }
  ],
  "807": [
    {
      "cam_R_m2c": [
        -0.013105118342583903,
        0.9950828778818225,
        0.09817495614983503,
        0.8689632657981061,
        -0.03724197453430634,
        0.49347327987574185,
        0.4947030407127043,
        0.09177745625052357,
        -0.864202406820584
      ],
      "cam_t_m2c": [
        -17.182293485761463,
        -8.90085899126157,
        319.54598795354366
      ],
      "obj_id": 0
    }
  ],
  "853": [
    {
      "cam_R_m2c": [
        -0.015464764825365978,
        0.9948099912616899,
        0.10056799853923008,
        0.8658949300960485,
        -0.036970151853179437,
        0.4988578733777156,
        0.49998681083257984,
        0.09479603976152991,
        -0.8608291931386335
      ],
      "cam_t_m2c": [
        -26.859884298189737,
        -16.02009821305165,
        397.22933204914386
      ],
      "obj_id": 0
    }
  ],
  "889": [
    {
      "cam_R_m2c": [
        -0.009022904876104508,
        0.9948020359836752,
        0.10142729605732223,
        0.8529270135833817,
        -0.04528801071399435,
        0.5200620208307736,
        0.5219521976302129,
        0.09120255086840537,
        -0.8480849002456926
      ],
      "cam_t_m2c": [
        -32.574752496658526,
        -26.18466055872845,
        456.73992755613347
      ],
      "obj_id": 0
    }
  ],
  "931": [
    {
      "cam_R_m2c": [
        -0.0066951677554428525,
        0.9961464434524744,
        0.08744963076616882,
        0.825135427380159,
        -0.043898721846044785,
        0.5632268003456203,
        0.5648953010377831,
        0.07592868636997649,
        -0.8216618120444265
      ],
      "cam_t_m2c": [
        -31.647452158422613,
        -42.6502611021755,
        552.1986006884376
      ],
      "obj_id": 0
    }
  ],
  "956": [
    {
      "cam_R_m2c": [
        -0.008163653281579267,
        0.9981930185921711,
        0.059531944323881814,
        0.8199321156764965,
        -0.02739651643946845,
        0.5718048237762187,
        0.5724025509822968,
        0.05348016938484235,
        -0.8182268579263943
      ],
      "cam_t_m2c": [
        -30.40337170111095,
        -39.381398540873654,
        605.171797856688
      ],
      "obj_id": 0
    }
  ],
  "1017": [
    {
      "cam_R_m2c": [
        -0.015435914258485001,
        0.9945151123677055,
        0.10344768638571548,
        0.829359022941333,
        -0.04505485676579998,
        0.5568964633329885,
        0.5585027695011733,
        0.09439147816759501,
        -0.8241146189878481
      ],
      "cam_t_m2c": [
        -57.10823518630844,
        -9.605367631176946,
        684.3766071696842
      ],
      "obj_id": 0
    }
  ],
  "1078": [
    {
      "cam_R_m2c": [
        -0.033073788001764914,
        0.9906727949451867,
        -0.1321875103786934,
        0.8124144057546243,
        0.10368428292501117,
        0.573787768010034,
        0.5821416990675499,
        -0.0884137027073224,
        -0.8082660819945251
      ],
      "cam_t_m2c": [
        -69.88735406101148,
        -38.436741325094026,
        652.0902407036984
      ],
      "obj_id": 0
    }
  ],
  "1085": [
    {
      "cam_R_m2c": [
        -0.02165128799383666,
        0.9925552002716379,
        -0.11985573052285849,
        0.813263336023597,
        0.08721324662220842,
        0.5753230360544392,
        0.5814928786594524,
        -0.08501778651519275,
        -0.809097032479275
      ],
      "cam_t_m2c": [
        -74.04956365375297,
        -38.44447716906139,
        649.0093463647906
      ],
      "obj_id": 0
    }
  ],
  "1153": [
    {
      "cam_R_m2c": [
        -0.012382924864967799,
        0.9220884752772253,
        -0.3867809547038011,
        0.8067839237058879,
        0.2377264502350785,
        0.5409120401960475,
        0.5907168217895943,
        -0.30535058312724983,
        -0.7468699068580821
      ],
      "cam_t_m2c": [
        -57.29465988565941,
        -50.05472527518035,
        634.933773294362
      ],
      "obj_id": 0
    }
  ],
  "1171": [
    {
      "cam_R_m2c": [
        0.008809094753890754,
        0.9293539843445479,
        -0.3690847756568658,
        0.8044582609505752,
        0.21264622428011762,
        0.5546426683986401,
        0.5939438577522895,
        -0.30179919661742677,
        -0.7457532693128415
      ],
      "cam_t_m2c": [
        -51.92313793123701,
        -57.533908886462974,
        628.696329622097
      ],
      "obj_id": 0
    }
  ],
  "1245": [
    {
      "cam_R_m2c": [
        0.014469022001012723,
        0.8491580687005666,
        -0.5279405475451069,
        0.8072152611483289,
        0.30167236858569807,
        0.5073433789087703,
        0.590079799260446,
        -0.4335024295078621,
        -0.6810884480418378
      ],
      "cam_t_m2c": [
        -15.448227269151502,
        -9.422318024214366,
        477.5956611627662
      ],
      "obj_id": 0
    }
  ],
  "1277": [
    {
      "cam_R_m2c": [
        0.020814339429169406,
        0.8349600704128749,
        -0.5499167610352932,
        0.8033755675177818,
        0.31343410592997284,
        0.5063069806718219,
        0.595108780571492,
        -0.45232813537586397,
        -0.6642625965506941
      ],
      "cam_t_m2c": [
        -6.703758338546324,
        -11.796184180375166,
        419.7117916687199
      ],
      "obj_id": 0
    }
  ],
  "1337": [
    {
      "cam_R_m2c": [
        0.01899499446145165,
        0.8291531914164725,
        -0.5586986444640241,
        0.8157547723162342,
        0.31023982050502447,
        0.4881551035663485,
        0.5780859292115466,
        -0.4650335890379198,
        -0.6704926692045365
      ],
      "cam_t_m2c": [
        -4.153093146067187,
        -5.605387800940446,
        325.8920631244771
      ],
      "obj_id": 0
    }
  ],
  "1390": [
    {
      "cam_R_m2c": [
        0.031676746341098766,
        0.8191499974332783,
        -0.5727039945918223,
        0.8241366783990973,
        0.30278579186496646,
        0.47866428682682804,
        0.565504481840969,
        -0.4871488950478752,
        -0.6655002892681331
      ],
      "cam_t_m2c": [
        0.41575070764971606,
        -1.1177912489528985,
        293.1591072062443
      ],
      "obj_id": 0
    }
  ],
  "1416": [
    {
      "cam_R_m2c": [
        0.024953122256915837,
        0.8173215776819921,
        -0.5756411906041312,
        0.824666372868105,
        0.3086501991822827,
        0.4739835734778477,
        0.5650687702163991,
        -0.4865393028284119,
        -0.6663158347764686
      ],
      "cam_t_m2c": [
        -1.0346536049729957,
        -2.781940365481584,
        288.57848128252795
      ],
      "obj_id": 0
    }
  ],
  "1474": [
    {
      "cam_R_m2c": [
        0.03614380862209809,
        0.807808125386945,
        -0.5883363473650081,
        0.8214795903586392,
        0.3112387361317599,
        0.4778093047198734,
        0.5690912999213484,
        -0.500576149738014,
        -0.6523485346140866
      ],
      "cam_t_m2c": [
        2.300284490143614,
        -2.934214159741555,
        401.2124156208623
      ],
      "obj_id": 0
    }
  ],
  "1521": [
    {
      "cam_R_m2c": [
        0.005625515308763799,
        0.8159344904422223,
        -0.578116995823283,
        0.8192305310611985,
        0.3277635850987983,
        0.47056600937836757,
        0.573436736247667,
        -0.4762582698353633,
        -0.666594606847981
      ],
      "cam_t_m2c": [
        -3.672530126569693,
        -18.065285722814338,
        521.1621955679151
      ],
      "obj_id": 0
    }
  ],
  "1554": [
    {
      "cam_R_m2c": [
        -0.00010493506238051118,
        0.8313219270036146,
        -0.555791186192304,
        0.8248349783525273,
        0.31430159200592944,
        0.46995932554887826,
        0.5653735467799116,
        -0.45838669586074987,
        -0.6857363849187452
      ],
      "cam_t_m2c": [
        -20.581428827925613,
        -28.869233235590624,
        587.4339354345633
      ],
      "obj_id": 0
    }
  ],
  "1615": [
    {
      "cam_R_m2c": [
        0.007320639743064598,
        0.6723491924799132,
        -0.7401979272902819,
        0.7982764973494867,
        0.44187627405753516,
        0.40926762897887137,
        0.602246662038791,
        -0.5938787096648939,
        -0.5334857413521169
      ],
      "cam_t_m2c": [
        -20.1244586626878,
        -32.58692316545802,
        572.7199973635879
      ],
      "obj_id": 0
    }
  ],
  "1620": [
    {
      "cam_R_m2c": [
        0.016085436600754878,
        0.6700715688462872,
        -0.7421221943267028,
        0.795790940862136,
        0.44078614265001104,
        0.41524011705875197,
        0.6053577761083094,
        -0.5972534378873012,
        -0.5261466466619249
      ],
      "cam_t_m2c": [
        -20.757980812725187,
        -34.19204526587294,
        568.7392313262558
      ],
      "obj_id": 0
    }
  ],
  "1682": [
    {
      "cam_R_m2c": [
        0.005041509967132642,
        0.3918208459616739,
        -0.9200277212034531,
        0.7831669479375005,
        0.570532464097345,
        0.2472695674801341,
        0.621791053939497,
        -0.7217819144849023,
        -0.303984790961987
      ],
      "cam_t_m2c": [
        -3.8452586364435124,
        -46.82873642785809,
        547.1397022465823
      ],
      "obj_id": 0
    }
  ],
  "1711": [
    {
      "cam_R_m2c": [
        0.01269916261545296,
        0.38455288428505624,
        -0.9230156067976423,
        0.7814842045031605,
        0.5720491119284605,
        0.24908282073753696,
        0.6237957753180179,
        -0.7244852605308848,
        -0.2932574601646938
      ],
      "cam_t_m2c": [
        -3.190727809868499,
        -46.013335200301434,
        460.2970674538903
      ],
      "obj_id": 0
    }
  ],
  "1785": [
    {
      "cam_R_m2c": [
        0.02182591962568888,
        0.42301384921946944,
        -0.9058603162400887,
        0.7719885392116836,
        0.5686016436985082,
        0.28412297696876426,
        0.6352616189271805,
        -0.7055150275851558,
        -0.3141515897471289
      ],
      "cam_t_m2c": [
        -8.485619700739889,
        -16.659231405141302,
        313.0380039349258
      ],
      "obj_id": 0
    }
  ],
  "1804": [
    {
      "cam_R_m2c": [
        0.01828896911733798,
        0.41986023599803235,
        -0.90740448300287,
        0.7785460627338301,
        0.5634439751391206,
        0.27639991862000457,
        0.6273209240364575,
        -0.7115112571869142,
        -0.31657572417035373
      ],
      "cam_t_m2c": [
        -8.18121253700648,
        -15.369345962657507,
        303.526572016933
      ],
      "obj_id": 0
    }
  ],
  "1874": [
    {
      "cam_R_m2c": [
        0.009399159971195862,
        0.43369757993764446,
        -0.9010094699205886,
        0.7919582131647762,
        0.5468889153580149,
        0.27150451707174467,
        0.6105029437409529,
        -0.71611376429403,
        -0.3383300640556395
      ],
      "cam_t_m2c": [
        -14.19695627116989,
        -2.481205062468106,
        282.04840838671316
      ],
      "obj_id": 0
    }
  ],
  "1925": [
    {
      "cam_R_m2c": [
        -0.013212662819756369,
        0.4302242022868897,
        -0.9026253714838864,
        0.8028771513882059,
        0.5426215923856763,
        0.24688071448836452,
        0.5959980748657243,
        -0.7214353354529031,
        -0.3525866581255244
      ],
      "cam_t_m2c": [
        -22.000370009763664,
        -0.5439216071111056,
        295.5008947630796
      ],
      "obj_id": 0
    }
  ],
  "1977": [
    {
      "cam_R_m2c": [
        -0.008420343486520404,
        0.43317639890984566,
        -0.9012698292863305,
        0.8004750443847884,
        0.5430954926944831,
        0.25354879030046984,
        0.5993069339298677,
        -0.7193090387580542,
        -0.3513199477345282
      ],
      "cam_t_m2c": [
        -20.165179775602347,
        -3.5817486756483747,
        285.73412830413565
      ],
      "obj_id": 0
    }
  ],
  "1997": [
    {
      "cam_R_m2c": [
        -0.010081202665193769,
        0.43448370031183936,
        -0.9006232749907247,
        0.7989980171074204,
        0.545054076743336,
        0.2540043740070801,
        0.6012491479702174,
        -0.7170355413683496,
        -0.35264641562206084
      ],
      "cam_t_m2c": [
        -21.559563165032678,
        -8.081938102321434,
        273.220389949887
      ],
      "obj_id": 0
    }
  ],
  "2030": [
    {
      "cam_R_m2c": [
        -0.01592343207607514,
        0.43833256297529954,
        -0.8986718024315973,
        0.8008862801239651,
        0.5436770279567926,
        0.25099094707185504,
        0.5986047197807537,
        -0.7157372796663414,
        -0.35971174004076095
      ],
      "cam_t_m2c": [
        -20.03774467659244,
        -6.332941536992299,
        275.0058850245333
      ],
      "obj_id": 0
    }
  ],
  "2114": [
    {
      "cam_R_m2c": [
        -0.01955996043136535,
        0.41929415685894866,
        -0.9076396960852825,
        0.8169614089172571,
        0.530030693336208,
        0.2272477071201936,
        0.5763605331834688,
        -0.7370616488069924,
        -0.35291452452352406
      ],
      "cam_t_m2c": [
        -38.22652669443107,
        -13.57121916985774,
        423.35318130975304
      ],
      "obj_id": 0
    }
  ],
  "2140": [
    {
      "cam_R_m2c": [
        -0.024709540317969996,
        0.4155402593141227,
        -0.9092390947622933,
        0.7993684585104187,
        0.554392331440981,
        0.23164457755268225,
        0.6003328294201729,
        -0.7210932226315715,
        -0.3458685561989119
      ],
      "cam_t_m2c": [
        -64.45007413846326,
        -25.593715812745593,
        483.432649003142
      ],
      "obj_id": 0
    }
  ],
  "2180": [
    {
      "cam_R_m2c": [
        -0.06277816024979341,
        0.3669366491644489,
        -0.9281252060097241,
        0.7576448869719828,
        0.6228555165927465,
        0.1950005913623721,
        0.6496407682439126,
        -0.6909475384908389,
        -0.3171093995115357
      ],
      "cam_t_m2c": [
        -35.44453677351496,
        -46.1958201252238,
        517.8841925602404
      ],
      "obj_id": 0
    }
  ],
  "2231": [
    {
      "cam_R_m2c": [
        -0.052596983038261894,
        0.09155060767082021,
        -0.9944103999521176,
        0.7610864835591555,
        0.6483591808210553,
        0.019435460571985228,
        0.6465144405521894,
        -0.7558100679911282,
        -0.10377966689221384
      ],
      "cam_t_m2c": [
        -21.726586044314733,
        -61.593065216744456,
        544.78043543352
      ],
      "obj_id": 0
    }
  ],
  "2250": [
    {
      "cam_R_m2c": [
        -0.056223968682928456,
        0.08515473077360533,
        -0.9947801451048536,
        0.7696924440220829,
        0.6383176872147482,
        0.01113874958544281,
        0.6359342787462652,
        -0.7650484965100517,
        -0.101431706500846
      ],
      "cam_t_m2c": [
        -41.230735786561766,
        -42.63100884623049,
        528.8997130205737
      ],
      "obj_id": 0
    }
  ],
  "2326": [
    {
      "cam_R_m2c": [
        -0.04636485174484543,
        -0.2974925116910198,
        -0.9535976646023513,
        0.77778888526984,
        0.5882639713798841,
        -0.2213367341012556,
        0.6268131702485649,
        -0.7519599094770517,
        0.20411159722849181
      ],
      "cam_t_m2c": [
        -13.554570173799869,
        -31.350575674585848,
        540.9043559677593
      ],
      "obj_id": 0
    }
  ],
  "2363": [
    {
      "cam_R_m2c": [
        -0.05926350610311923,
        -0.4656836770245816,
        -0.8829646367380726,
        0.7708313542165527,
        0.5406693244984463,
        -0.3368912359146205,
        0.6342766432123442,
        -0.7005821825423907,
        0.3269216195890961
      ],
      "cam_t_m2c": [
        -25.485595436007884,
        -52.87395296188674,
        582.8892881785547
      ],
      "obj_id": 0
    }
  ],
  "2419": [
    {
      "cam_R_m2c": [
        -0.028213698267276557,
        -0.5400983817719474,
        -0.8411288398193051,
        0.7909572973554967,
        0.5024624410416844,
        -0.34916765175643794,
        0.6112205337796252,
        -0.675148304705237,
        0.41301843265399085
      ],
      "cam_t_m2c": [
        -8.781071597695487,
        -44.742574563555806,
        631.4933850592722
      ],
      "obj_id": 0
    }
  ],
  "2452": [
    {
      "cam_R_m2c": [
        -0.02047193294081939,
        -0.5206898932150162,
        -0.8535004012901366,
        0.7998907365917325,
        0.5036110647957333,
        -0.32642105456069587,
        0.5997963899525245,
        -0.6893895346722662,
        0.406185130276693
      ],
      "cam_t_m2c": [
        -22.61425303661509,
        -32.812446283125595,
        592.3352082266341
      ],
      "obj_id": 0
    }
  ],
  "2500": [
    {
      "cam_R_m2c": [
        -0.0027234195719357535,
        -0.5618202446336963,
        -0.8272548553172901,
        0.7834425822313118,
        0.512909399786515,
        -0.3509154711445971,
        0.6214582071678257,
        -0.6490623701363155,
        0.4387570357113028
      ],
      "cam_t_m2c": [
        14.645198020057578,
        -34.20936232878099,
        455.1640647467817
      ],
      "obj_id": 0
    }
  ],
  "2540": [
    {
      "cam_R_m2c": [
        -0.008014012976303038,
        -0.5412992350583754,
        -0.8407918372938631,
        0.7746819238059355,
        0.5283063224942302,
        -0.34750589415607164,
        0.632300318241284,
        -0.6541311548416278,
        0.41510087904945936
      ],
      "cam_t_m2c": [
        5.391129789499055,
        -24.689409039892166,
        378.55583000349526
      ],
      "obj_id": 0
    }
  ],
  "2571": [
    {
      "cam_R_m2c": [
        -0.01526937791716698,
        -0.5353989382746432,
        -0.8444612619478787,
        0.7771781720172245,
        0.525015452407936,
        -0.3469191023925913,
        0.6290953305832642,
        -0.6615940988429958,
        0.40808370879679756
      ],
      "cam_t_m2c": [
        4.663599006900737,
        -20.220218391340918,
        337.21798185651755
      ],
      "obj_id": 0
    }
  ],
  "2640": [
    {
      "cam_R_m2c": [
        -0.004232664511986966,
        -0.5332595569635087,
        -0.8459410909728929,
        0.7868166780800118,
        0.5203247666973175,
        -0.33193621704794785,
        0.6171722608558675,
        -0.6670055337589524,
        0.41737515299347194
      ],
      "cam_t_m2c": [
        11.058577378323998,
        -6.7178634206567835,
        289.1028556631726
      ],
      "obj_id": 0
    }
  ],
  "2655": [
    {
      "cam_R_m2c": [
        -0.0038517049102061497,
        -0.5345098435480499,
        -0.8451534721326184,
        0.7886730070675853,
        0.5179850354363068,
        -0.3311893580996317,
        0.6148008232069443,
        -0.667825374039417,
        0.41955836011759684
      ],
      "cam_t_m2c": [
        11.237499670344652,
        -3.4073975146089697,
        283.44023558152736
      ],
      "obj_id": 0
    }
  ],
  "2710": [
    {
      "cam_R_m2c": [
        -0.006618298414823541,
        -0.5202127806700605,
        -0.8540110426047205,
        0.7874852529875108,
        0.5236369474835039,
        -0.3250712590942175,
        0.6162979590887571,
        -0.6746725206011307,
        0.4061943076175897
      ],
      "cam_t_m2c": [
        7.292381705823964,
        -7.473951853205705,
        277.4255653754227
      ],
      "obj_id": 0
    }
  ],
  "2769": [
    {
      "cam_R_m2c": [
        -0.015593943991590522,
        -0.5608699634468773,
        -0.8277570373932613,
        0.7975078831241416,
        0.4923706174118053,
        -0.3486435879151244,
        0.6031069599907767,
        -0.6655794912775006,
        0.439620217429129
      ],
      "cam_t_m2c": [
        -12.298879787870858,
        -14.646885199922579,
        482.14346102384627
      ],
      "obj_id": 0
    }
  ],
  "2832": [
    {
      "cam_R_m2c": [
        -0.022310016974957377,
        -0.7566255101550573,
        -0.6534677501486794,
        0.8067731948468481,
        0.3724001940362794,
        -0.4587320650261546,
        0.5904398996873985,
        -0.5374345847272394,
        0.6021169254831629
      ],
      "cam_t_m2c": [
        -47.48154051327093,
        -40.83099225819817,
        610.3062943185778
      ],
      "obj_id": 0
    }
  ],
  "2855": [
    {
      "cam_R_m2c": [
        -0.021398877825410785,
        -0.7685835758051113,
        -0.6393914098508549,
        0.80178345236372,
        0.36884675376805515,
        -0.47020779201883156,
        0.59723143208241,
        -0.5227153711476222,
        0.6083446862220014
      ],
      "cam_t_m2c": [
        -67.94773674149555,
        -37.06308484617864,
        602.9813621072246
      ],
      "obj_id": 0
    }
  ],
  "2908": [
    {
      "cam_R_m2c": [
        -0.02240002496250702,
        -0.9354723115139812,
        -0.3526893721901212,
        0.7869261485561853,
        0.20109371790707462,
        -0.5833597117198297,
        0.616640475093783,
        -0.2906077614338584,
        0.7316431188818281
      ],
      "cam_t_m2c": [
        -35.88630584905971,
        -66.22754941842989,
        624.2049296667869
      ],
      "obj_id": 0
    }
  ],
  "2963": [
    {
      "cam_R_m2c": [
        -0.03923511079568441,
        -0.986749681415593,
        -0.1574346604121403,
        0.8195657897037587,
        0.05835613382975408,
        -0.570005682351208,
        0.5716402035824486,
        -0.15139229791264222,
        0.8064166725143291
      ],
      "cam_t_m2c": [
        -51.57018731416206,
        -21.366791674416255,
        665.9734151899487
      ],
      "obj_id": 0
    }
  ],
  "3008": [
    {
      "cam_R_m2c": [
        -0.05471992376355357,
        -0.9966581336844351,
        -0.06064894473810914,
        0.8143436384465731,
        -0.009397223282521011,
        -0.5803069279598636,
        0.5777976881128778,
        -0.08114343320218566,
        0.8121364262146934
      ],
      "cam_t_m2c": [
        -16.299357663515867,
        -38.0235627243197,
        670.0855532536087
      ],
      "obj_id": 0
    }
  ],
  "3049": [
    {
      "cam_R_m2c": [
        -0.031744604848276695,
        -0.9953889551397724,
        -0.09051578891493782,
        0.7945492416941576,
        0.029809690513742385,
        -0.6064675463666251,
        0.606369344962247,
        -0.09117132407630918,
        0.7899392426522347
      ],
      "cam_t_m2c": [
        -24.114658101189125,
        -31.073938469648976,
        580.3932413040404
      ],
      "obj_id": 0
    }
  ],
  "3080": [
    {
      "cam_R_m2c": [
        -0.02427716347931133,
        -0.989002004630179,
        -0.14589603888995645,
        0.7694590480284584,
        0.07468507915988963,
        -0.634314521573264,
        0.638234590620264,
        -0.12766038455593395,
        0.7591833991061288
      ],
      "cam_t_m2c": [
        -22.855081949584086,
        -27.161126676256238,
        497.6772858995196
      ],
      "obj_id": 0
    }
  ],
  "3135": [
    {
      "cam_R_m2c": [
        -0.04810466262231927,
        -0.997015885319141,
        -0.060376037046294635,
        0.7321669152468576,
        0.00591911142451773,
        -0.6810995318301043,
        0.6794244252126739,
        -0.07696940000957743,
        0.7296973083493126
      ],
      "cam_t_m2c": [
        -8.547469730843954,
        -12.755420438348313,
        371.9531559666151
      ],
      "obj_id": 0
    }
  ],
  "3150": [
    {
      "cam_R_m2c": [
        -0.04130296500771119,
        -0.9972720266772008,
        -0.06117654683856008,
        0.7399539535794982,
        0.010612400983898823,
        -0.6725738052055921,
        0.6713882718571424,
        -0.0730471200603123,
        0.7374970553087072
      ],
      "cam_t_m2c": [
        -9.546618821216919,
        -6.774042173765148,
        344.0902626138473
      ],
      "obj_id": 0
    }
  ],
  "3236": [
    {
      "cam_R_m2c": [
        -0.008460413142497509,
        -0.9980279866372718,
        -0.06219774347747017,
        0.856589933864334,
        0.024858547814454453,
        -0.5153986202197912,
        0.515928392837061,
        -0.057638446248246156,
        0.8546904134847201
      ],
      "cam_t_m2c": [
        -9.61268887113854,
        -23.68782938879641,
        271.1915220244211
      ],
      "obj_id": 0
    }
  ],
  "3278": [
    {
      "cam_R_m2c": [
        -0.017220364601116686,
        -0.9987083976747125,
        -0.04780162604403684,
        0.8817690828977705,
        0.007369516163510571,
        -0.47162376381947974,
        0.4713668883283042,
        -0.05027152914050249,
        0.8805032821455738
      ],
      "cam_t_m2c": [
        -6.87789222563899,
        -13.321908162067029,
        251.89704502008908
      ],
      "obj_id": 0
    }
  ],
  "3305": [
    {
      "cam_R_m2c": [
        -0.011056348473461843,
        -0.9988357822354966,
        -0.04695569486328731,
        0.8868007568273981,
        0.011902546303426985,
        -0.46199864394162155,
        0.46201966924846993,
        -0.04674836375852396,
        0.8856367289339595
      ],
      "cam_t_m2c": [
        -6.596666700493465,
        -16.448765595880268,
        229.58545222616337
      ],
      "obj_id": 0
    }
  ],
  "3333": [
    {
      "cam_R_m2c": [
        -0.008777643547330431,
        -0.999215004482847,
        -0.03863065862705092,
        0.8550545759771849,
        0.012530087622363809,
        -0.518386601800709,
        0.518463716182638,
        -0.03758153425713942,
        0.8542733773262444
      ],
      "cam_t_m2c": [
        -3.537852739610734,
        -14.936738650264392,
        245.5722689404804
      ],
      "obj_id": 0
    }
  ],
  "3413": [
    {
      "cam_R_m2c": [
        -0.019615929595633994,
        -0.9989251974248835,
        -0.041996014706285306,
        0.6641047677072787,
        0.018381113497039858,
        -0.7474135348627398,
        0.7473821463871338,
        -0.04255096488762108,
        0.6630304235656224
      ],
      "cam_t_m2c": [
        -12.898990100255528,
        14.217437130755094,
        353.6634465600301
      ],
      "obj_id": 0
    }
  ],
  "3447": [
    {
      "cam_R_m2c": [
        -0.03633715355404961,
        -0.997541491409063,
        -0.05992148348918352,
        0.6430130902511452,
        0.022561463529273216,
        -0.7655227926390815,
        0.764992664645185,
        -0.06634721755582319,
        0.640612417681199
      ],
      "cam_t_m2c": [
        -24.72100535912457,
        29.061310417938007,
        390.07945554420183
      ],
      "obj_id": 0
    }
  ],
  "3496": [
    {
      "cam_R_m2c": [
        -0.022143826234675115,
        -0.9976552270065263,
        -0.06475877532214235,
        0.6312759960661446,
        0.03627542597670459,
        -0.774709435970428,
        0.7752420703716121,
        -0.05803569154723336,
        0.6289925204308802
      ],
      "cam_t_m2c": [
        -24.23548469840413,
        25.189409653489122,
        371.86651615860615
      ],
      "obj_id": 0
    }
  ],
  "3534": [
    {
      "cam_R_m2c": [
        -0.018156855374086834,
        -0.9983250370358154,
        -0.05493131188723766,
        0.5858100522546824,
        0.03390034241077107,
        -0.809739062527218,
        0.8102449698726736,
        -0.04688162975485494,
        0.5842133184999508
      ],
      "cam_t_m2c": [
        -26.11737435310396,
        23.20830778399132,
        299.91854654623955
      ],
      "obj_id": 0
    }
  ],
  "3598": [
    {
      "cam_R_m2c": [
        -0.02416399424880076,
        -0.9983494767710366,
        -0.05210013059559321,
        0.5657275918728466,
        0.029312351204029936,
        -0.8240710392807761,
        0.824238068217777,
        -0.049387329290922606,
        0.564085541856427
      ],
      "cam_t_m2c": [
        -18.543745162240977,
        22.032752517841065,
        225.15377829490345
      ],
      "obj_id": 0
    }
  ],
  "3638": [
    {
      "cam_R_m2c": [
        -0.018227073964001892,
        -0.9984692569021741,
        -0.052219888847687516,
        0.5784398054000014,
        0.03206996561931825,
        -0.8150944170797902,
        0.8155214069705333,
        -0.045062848589452954,
        0.5769698210261317
      ],
      "cam_t_m2c": [
        -18.87356797930946,
        23.398842010354304,
        218.30877866955495
      ],
      "obj_id": 0
    }
  ],
  "3662": [
    {
      "cam_R_m2c": [
        -0.012823917433369435,
        -0.9984142575089753,
        -0.05481347954592631,
        0.5758487107809258,
        0.037440821944105675,
        -0.8166985043850168,
        0.8174556925958044,
        -0.042037545736544946,
        0.5744554250036977
      ],
      "cam_t_m2c": [
        -19.03417408549216,
        22.51064614297971,
        211.65459421215144
      ],
      "obj_id": 0
    }
  ],
  "3692": [
    {
      "cam_R_m2c": [
        -0.005319943548076918,
        -0.9987305493938781,
        -0.050089798400833295,
        0.5901769231263077,
        0.037300643864267756,
        -0.8064117194691068,
        0.8072564013580118,
        -0.03385190794200888,
        0.5892292853549264
      ],
      "cam_t_m2c": [
        -13.468402768487238,
        24.744493306311398,
        225.98868526445173
      ],
      "obj_id": 0
    }
  ],
  "3761": [
    {
      "cam_R_m2c": [
        0.019791010714016934,
        -0.9958768609036793,
        -0.08853018585391415,
        0.758948284923598,
        0.07260673939845044,
        -0.6470902271910376,
        0.6508500723132212,
        -0.05438326311614518,
        0.7572559963363494
      ],
      "cam_t_m2c": [
        -15.083271109591273,
        28.338614261625352,
        322.8028075378447
      ],
      "obj_id": 0
    }
  ],
  "3821": [
    {
      "cam_R_m2c": [
        0.0144737826299882,
        -0.9954241894740518,
        -0.09445206520663478,
        0.8409182879997726,
        0.0632244141642878,
        -0.5374561435895003,
        0.5409685226032931,
        -0.07164744559375143,
        0.8379855016746635
      ],
      "cam_t_m2c": [
        -20.655840418801088,
        -10.241232014364666,
        316.2576555685888
      ],
      "obj_id": 0
    }
  ],
  "3826": [
    {
      "cam_R_m2c": [
        0.013938205891196778,
        -0.9957236505958253,
        -0.09132435631422667,
        0.8469578083828572,
        0.060303133911967,
        -0.5282291195880269,
        0.5314773721989683,
        -0.069985310466696,
        0.8441764383610131
      ],
      "cam_t_m2c": [
        -20.05566777992752,
        -9.051976784267609,
        317.6278556652573
      ],
      "obj_id": 0
    }
  ],
  "3876": [
    {
      "cam_R_m2c": [
        0.00798236932391597,
        -0.9978210853104217,
        -0.06549323236661851,
        0.8684582599598255,
        0.03938462503716876,
        -0.49419540865902445,
        0.49569802542597136,
        -0.05293328836578082,
        0.8668803461235851
      ],
      "cam_t_m2c": [
        -16.416221638275893,
        1.3144249925605362,
        329.08163273891495
      ],
      "obj_id": 0
    }
  ],
  "3957": [
    {
      "cam_R_m2c": [
        -0.001273713402356928,
        -0.9614837836536363,
        0.2748587117384287,
        0.7780193631137554,
        -0.1736300505954108,
        -0.6037702179451039,
        0.6282390056323419,
        0.21307636963756382,
        0.7482741559247168
      ],
      "cam_t_m2c": [
        -28.138229811367914,
        -41.656504389859535,
        540.2598798252168
      ],
      "obj_id": 0
    }
  ],
  "3983": [
    {
      "cam_R_m2c": [
        -0.020942012059639706,
        -0.9494949052175201,
        0.3130828278396936,
        0.7916055723562313,
        -0.20702271030362351,
        -0.574893220661099,
        0.6106734396296732,
        0.23579869037192672,
        0.7559609299895363
      ],
      "cam_t_m2c": [
        -29.188928046347943,
        -30.0782662553918,
        552.2791884834821
      ],
      "obj_id": 0
    }
  ],
  "4029": [
    {
      "cam_R_m2c": [
        -0.013315151046335403,
        -0.8567399498677224,
        0.5155767305003047,
        0.751767920689333,
